8.797
8.270
8.743
8.254
8.026
8.697
10.245
8.278
8.629
8.008
9.530
9.299
76.377
8.810
7.874
8.105
9.219
9.071
8.208
8.875
9.369
8.168
8.320
7.524
8.105
20.858
91.480
8.667
8.901
8.613
8.387
8.622
7.732
7.773
10.815
8.813
8.181
8.208
9.676
32.030
11.111
8.865
7.491
8.946
7.675
8.018
7.623
8.102
9.563
7.656
7.541
8.226
7.231
61.509
9.150
9.126
8.531
8.386
9.551
7.799
8.374
9.511
8.758
8.900
8.492
8.253
34.031
9.925
9.528
17.956
9.834
8.123
8.336
15.556
8.180
7.546
8.470
8.829
8.999
7.406
63.722
7.972
8.287
9.889
8.014
8.351
8.958
13.940
8.771
9.565
8.920
7.719
10.072
9.187
55.419
8.395
8.483
8.639
9.604
6.990
9.043
10.168
7.936
8.506
13.536
8.068
8.630
77.505
8.182
7.656
8.616
14.606
8.658
9.945
8.520
9.278
8.821
8.581
9.857
14.506
13.799
63.152
9.396
9.113
8.878
8.863
8.048
8.416
17.928
11.134
8.357
7.936
8.266
8.276
13.988
90.732
10.218
7.866
9.122
7.819
15.954
15.652
10.668
8.633
8.117
9.180
8.119
9.196
62.240
7.758
8.959
7.977
7.499
9.002
10.143
14.734
7.706
7.981
24.647
9.339
7.781
8.044
91.492
8.082
9.006
7.986
8.050
11.432
7.880
10.340
7.764
8.293
8.231
8.904
10.239
11.581
89.842
9.472
8.524
8.357
7.652
7.742
8.141
20.209
8.331
7.820
8.344
11.433
9.141
67.621
7.610
10.679
8.374
8.163
8.189
9.168
9.577
25.555
8.181
9.015
9.702
11.341
33.202
8.631
8.089
8.122
8.991
8.259
9.620
7.350
8.081
7.661
37.440
8.056
8.630
7.981
29.971
108.191
7.930
7.824
8.571
7.089
33.432
8.285
8.766
8.513
9.609
42.543





8.797
8.270
8.743
8.254
8.026
8.697
10.245
8.278
8.629
8.008
9.530
9.299
76.377
8.810
7.874
8.105
9.219
9.071
8.208
8.875
9.369
8.168
8.320
7.524
8.105
20.858
91.480
8.667
8.901
8.613
8.387
8.622
7.732
7.773
10.815
8.813
8.181
8.208
9.676
32.030
11.111
8.865
7.491
8.946
7.675
8.018
7.623
8.102
9.563
7.656
7.541
8.226
7.231
61.509
9.150
9.126
8.531
8.386
9.551
7.799
8.374
9.511
8.758
8.900
8.492
8.253
34.031
9.925
9.528
17.956
9.834
8.123
8.336
15.556
8.180
7.546
8.470
8.829
8.999
7.406
63.722
7.972
8.287
9.889
8.014
8.351
8.958
13.940
8.771
9.565
8.920
7.719
10.072
9.187
55.419
8.395
8.483
8.639
9.604
6.990
9.043
10.168
7.936
8.506
13.536
8.068
8.630
77.505
8.182
7.656
8.616
14.606
8.658
9.945
8.520
9.278
8.821
8.581
9.857
14.506
13.799
63.152
9.396
9.113
8.878
8.863
8.048
8.416
17.928
11.134
8.357
7.936
8.266
8.276
13.988
90.732
10.218
7.866
9.122
7.819
15.954
15.652
10.668
8.633
8.117
9.180
8.119
9.196
62.240
7.758
8.959
7.977
7.499
9.002
10.143
14.734
7.706
7.981
24.647
9.339
7.781
8.044
91.492
8.082
9.006
7.986
8.050
11.432
7.880
10.340
7.764
8.293
8.231
8.904
10.239
11.581
89.842
9.472
8.524
8.357
7.652
7.742
8.141
20.209
8.331
7.820
8.344
11.433
9.141
67.621
7.610
10.679
8.374
8.163
8.189
9.168
9.577
25.555
8.181
9.015
9.702
11.341
33.202
8.631
8.089
8.122
8.991
8.259
9.620
7.350
8.081
7.661
37.440
8.056
8.630
7.981
29.971
108.191
7.930
7.824
8.571
7.089
33.432
8.285
8.766
8.513
9.609
42.543


